5
19
54
66
69
91
93
101
106
127
132
136
141
152
169
174
175
179
189
191
192
201
226
234
234
243
258
264
270
276
279
280
296
305
311
317
320
329
338
351
356
359
361
364
366
378
390
409
413
416
417
421
432
446
446
462
469
474
490
492
502
549
572
573
597
618
621
622
652
655
657
671
680
687
687
696
707
707
708
711
720
728
729
737
757
770
771
812
819
826
842
843
846
848
849
851
860
867
877
883
902
945
970
978
1011
1011
1029
1034
1091
1114
1114
1146
1148
1156
1157
1161
1178
1181
1185
1188
1194
1196
1214
1233
1268
1269
1279
1285
1301
1315
1319
1323
1326
1351
1371
1391
1429
1433
1436
1439
1443
1458
1460
1475
1484
1500
1507
1509
1518
1523
1528
1547
1549
1577
1580
1581
1603
1621
1630
1663
1665
1672
1673
1726
1739
1745
1796
1799
1821
1825
1836
1837
1855
1863
1864
1865
1888
1909
1914
1915
1926
1945
1945
1972
1987
2004
2014
2029
2033
2053
2063
2065
2069
2090
2098
2105
2119
2121
2135
2149
2149
2157
2161
2163
2177
2179
2187
2197
2233
2275
2292
2295
2301
2321
2331
2333
2335
2337
2349
2350
2394
2409
2414
2423
2428
2429
2445
2450
2454
2455
2460
2468
2479
2481
2486
2487
2494
2511
2512
2517
2527
2530
2534
2534
2538
2550
2556
2560
2561
2562
2571
2578
2584
2591
2592
2594
2629
2646
2652
2671
2685
2694
2709
2714
2728
2728
2731
2760
2779
2792
2806
2818
2819
2825
2828
2834
2865
2868
2870
2878
2892
2901
2904
2908
2919
2923
2928
2936
2955
2965
2971
2978
3020
3025
3026
3032
3035
3074
3085
3092
3096
3108
3123
3140
3143
3146
3151
3158
3165
3167
3172
3176
3180
3191
3196
3201
3217
3229
3244
3244
3254
3255
3255
3258
3265
3275
3280
3299
3322
3333
3339
3345
3354
3376
3420
3426
3428
3428
3437
3441
3446
3455
3497
3508
3535
3548
3570
3593
3598
3604
3606
3607
3609
3624
3654
3655
3655
3683
3688
3690
3717
3719
3723
3729
3731
3733
3739
3746
3782
3784
3788
3817
3819
3819
3834
3844
3847
3853
3863
3878
3885
3888
3888
3888
3890
3924
3929
3957
3958
3967
3985
3990
3990
4008
4009
4018
4021
4025
4058
4074
4084
4100
4109
4115
4143
4150
4155
4165
4180
4189
4216
4262
4263
4264
4264
4265
4277
4288
4291
4308
4310
4311
4322
4324
4325
4331
4339
4350
4353
4373
4376
4382
4386
4388
4406
4430
4452
4463
4473
4478
4485
4485
4501
4510
4513
4522
4540
4560
4605
4620
4637
4644
4656
4671
4682
4682
4705
4720
4744
4772
4775
4776
4790
4793
4801
4816
4834
4840
4855
4857
4867
4878
4895
4896
4899
4902
4919
4936
4941
4958
4962
4974
4980
4980
4992
4994
4999
5003
5026
5027
5035
5036
5043
5048
5048
5060
5081
5117
5128
5134
5140
5148
5148
5149
5156
5160
5173
5181
5191
5202
5211
5221
5249
5297
5304
5308
5316
5325
5341
5350
5376
5394
5401
5438
5472
5494
5510
5537
5537
5562
5583
5587
5590
5601
5601
5602
5607
5621
5641
5667
5673
5686
5693
5698
5709
5715
5736
5741
5743
5757
5760
5760
5777
5786
5788
5792
5801
5820
5856
5918
5936
5942
5944
5945
5966
5985
5988
5997
6008
6017
6019
6031
6034
6038
6049
6054
6059
6061
6075
6090
6096
6104
6112
6118
6122
6127
6128
6144
6158
6166
6173
6186
6190
6191
6195
6202
6213
6238
6269
6281
6285
6289
6289
6306
6311
6313
6327
6380
6410
6415
6416
6417
6418
6422
6425
6443
6451
6475
6479
6481
6487
6494
6544
6544
6547
6549
6559
6560
6567
6579
6585
6595
6595
6596
6617
6626
6627
6641
6647
6663
6678
6712
6721
6753
6763
6770
6772
6772
6805
6820
6822
6825
6839
6847
6871
6879
6894
6909
6912
6912
6921
6925
6940
6940
6948
6960
6963
6976
6976
6980
7027
7036
7040
7054
7067
7086
7091
7101
7114
7123
7127
7128
7135
7145
7151
7152
7155
7173
7175
7181
7189
7190
7210
7217
7222
7251
7292
7301
7302
7316
7317
7356
7373
7387
7415
7426
7460
7470
7472
7473
7476
7481
7482
7488
7491
7510
7522
7524
7527
7529
7535
7551
7565
7566
7567
7582
7596
7596
7600
7609
7622
7624
7630
7633
7646
7650
7656
7656
7679
7682
7700
7706
7709
7713
7718
7720
7730
7735
7798
7803
7811
7832
7838
7854
7862
7899
7907
7909
7910
7910
7915
7923
7969
7975
7989
8014
8015
8025
8027
8040
8041
8046
8047
8060
8062
8063
8065
8065
8074
8077
8078
8083
8086
8102
8107
8113
8134
8137
8140
8144
8169
8170
8177
8181
8188
8197
8210
8223
8236
8246
8246
8247
8250
8251
8255
8261
8263
8322
8322
8332
8336
8339
8353
8357
8359
8360
8376
8382
8407
8408
8410
8417
8441
8443
8446
8499
8509
8512
8529
8536
8541
8560
8560
8561
8581
8584
8593
8609
8611
8611
8620
8624
8630
8649
8663
8682
8682
8686
8702
8710
8717
8730
8730
8766
8769
8778
8784
8786
8787
8798
8806
8808
8809
8818
8841
8843
8844
8858
8863
8866
8869
8889
8892
8892
8897
8900
8905
8907
8910
8912
8912
8923
8957
8963
8972
8978
8991
8999
9038
9054
9058
9059
9069
9072
9093
9111
9120
9135
9153
9166
9187
9189
9194
9205
9213
9216
9229
9260
9261
9272
9277
9280
9287
9291
9296
9303
9307
9308
9319
9320
9326
9338
9345
9347
9348
9350
9356
9364
9365
9367
9372
9385
9386
9394
9396
9416
9419
9420
9456
9476
9486
9487
9505
9527
9541
9550
9552
9552
9553
9556
9576
9591
9596
9599
9603
9618
9619
9622
9633
9638
9642
9643
9655
9659
9668
9676
9679
9679
9692
9696
9705
9730
9731
9740
9758
9780
9783
9818
9836
9840
9842
9845
9851
9868
9875
9891
9897
9903
9906
9910
9936
9944
9954
9965
9971
9982
9989
9996
9998
