4
29
41
45
61
73
79
85
87
95
122
123
138
140
158
172
196
200
203
225
233
259
261
301
303
306
312
317
324
331
337
396
396
415
434
439
454
473
491
543
552
558
564
565
585
597
604
614
616
628
634
651
653
658
663
663
665
665
687
692
694
699
700
702
704
733
735
739
748
753
764
767
771
774
778
802
812
865
870
880
896
900
911
916
918
933
933
939
962
983
993
1003
1010
1031
1044
1046
1073
1096
1102
1117
1132
1135
1145
1146
1147
1155
1175
1180
1190
1198
1208
1211
1238
1239
1249
1257
1289
1316
1320
1342
1347
1365
1375
1383
1436
1439
1441
1445
1460
1466
1473
1491
1493
1504
1513
1514
1527
1532
1556
1563
1563
1573
1582
1582
1596
1603
1603
1604
1609
1670
1672
1681
1725
1728
1746
1751
1787
1791
1803
1805
1813
1830
1838
1845
1862
1867
1867
1876
1879
1887
1887
1923
1927
1943
1946
1957
1957
1960
1993
1998
2017
2057
2066
2081
2088
2090
2094
2098
2121
2130
2133
2159
2167
2169
2185
2190
2207
2215
2239
2242
2264
2280
2281
2283
2286
2288
2289
2289
2293
2313
2314
2316
2336
2356
2369
2399
2409
2409
2412
2417
2429
2463
2477
2481
2503
2505
2508
2516
2526
2534
2549
2579
2581
2588
2604
2608
2619
2635
2646
2671
2678
2699
2706
2710
2718
2718
2723
2732
2748
2774
2784
2785
2812
2812
2828
2835
2836
2840
2844
2851
2858
2858
2868
2876
2881
2882
2906
2911
2912
2922
2928
2943
2960
2964
2964
2965
2966
2988
3028
3063
3112
3145
3148
3151
3161
3168
3185
3191
3214
3224
3226
3263
3279
3286
3319
3338
3339
3347
3349
3358
3365
3392
3419
3421
3434
3441
3442
3443
3447
3448
3477
3510
3515
3519
3529
3534
3581
3596
3598
3601
3620
3621
3627
3630
3650
3658
3664
3669
3688
3690
3699
3711
3730
3741
3752
3756
3760
3782
3793
3807
3819
3824
3829
3829
3847
3858
3873
3882
3885
3900
3921
3923
3938
3938
3944
3949
3960
3984
3985
3989
3991
3991
3993
4023
4024
4025
4038
4038
4039
4054
4066
4091
4123
4125
4134
4134
4136
4138
4138
4148
4170
4175
4179
4187
4190
4192
4197
4205
4232
4234
4235
4245
4247
4248
4250
4257
4258
4265
4273
4273
4275
4294
4298
4318
4335
4335
4339
4340
4349
4355
4356
4366
4368
4374
4382
4382
4383
4411
4426
4431
4451
4452
4463
4468
4474
4490
4491
4500
4506
4521
4529
4537
4572
4575
4579
4598
4602
4624
4624
4639
4661
4702
4705
4722
4722
4727
4733
4736
4751
4754
4760
4777
4786
4789
4790
4793
4798
4810
4811
4815
4833
4833
4840
4865
4866
4867
4867
4877
4906
4910
4910
4911
4927
4943
4949
4954
4960
4969
4978
4980
4981
4987
4990
5002
5012
5013
5014
5021
5025
5026
5026
5028
5037
5044
5065
5065
5091
5136
5139
5173
5175
5181
5186
5187
5201
5208
5208
5213
5224
5236
5240
5245
5266
5290
5290
5292
5299
5312
5316
5355
5371
5376
5380
5383
5388
5407
5408
5423
5441
5458
5463
5465
5465
5479
5483
5484
5514
5523
5537
5566
5571
5588
5588
5600
5607
5610
5612
5616
5620
5620
5625
5634
5677
5678
5685
5685
5688
5720
5727
5750
5753
5785
5788
5798
5805
5812
5813
5829
5847
5849
5849
5854
5868
5907
5914
5946
5947
5971
5981
5981
5984
5989
5990
5990
5997
6011
6014
6024
6026
6029
6032
6035
6037
6053
6058
6061
6082
6083
6090
6123
6130
6131
6139
6145
6154
6165
6175
6184
6188
6194
6213
6220
6227
6233
6238
6250
6267
6270
6271
6275
6278
6279
6282
6302
6321
6333
6345
6351
6360
6370
6378
6381
6390
6396
6397
6402
6404
6407
6414
6435
6440
6454
6464
6472
6493
6501
6509
6518
6519
6522
6540
6548
6551
6567
6570
6592
6608
6609
6609
6639
6651
6660
6675
6677
6678
6682
6685
6688
6689
6700
6701
6734
6753
6799
6801
6802
6809
6818
6825
6836
6851
6873
6876
6878
6881
6898
6909
6923
6931
6935
6939
6939
6945
6959
6968
6974
7013
7018
7038
7049
7050
7052
7056
7060
7060
7062
7075
7099
7109
7118
7126
7126
7141
7152
7164
7170
7179
7182
7182
7184
7193
7202
7204
7218
7226
7227
7232
7239
7242
7264
7266
7267
7273
7274
7299
7306
7326
7326
7338
7343
7355
7365
7378
7378
7383
7385
7389
7397
7400
7410
7418
7422
7431
7461
7465
7478
7485
7488
7527
7536
7539
7545
7554
7560
7563
7564
7572
7573
7577
7583
7594
7594
7625
7662
7666
7683
7698
7721
7726
7731
7731
7772
7778
7784
7792
7794
7796
7798
7810
7814
7830
7832
7834
7842
7865
7871
7875
7879
7882
7891
7904
7906
7910
7918
7933
7953
7960
7970
7974
7993
7996
8008
8034
8041
8063
8071
8100
8102
8104
8110
8123
8125
8130
8139
8150
8175
8180
8195
8201
8222
8232
8232
8240
8251
8263
8265
8272
8291
8334
8369
8375
8389
8395
8405
8427
8432
8445
8448
8452
8459
8459
8463
8470
8479
8483
8484
8494
8518
8524
8525
8534
8536
8543
8546
8563
8574
8577
8581
8587
8594
8599
8630
8636
8647
8654
8661
8667
8669
8684
8685
8686
8693
8699
8718
8722
8733
8744
8752
8759
8759
8765
8769
8771
8782
8802
8802
8809
8810
8814
8821
8825
8841
8848
8853
8857
8863
8873
8878
8881
8890
8895
8896
8961
8981
8986
9008
9009
9023
9048
9053
9066
9070
9075
9107
9133
9146
9157
9157
9159
9178
9190
9193
9237
9239
9247
9259
9269
9281
9305
9317
9335
9338
9346
9346
9366
9374
9381
9381
9400
9402
9408
9412
9414
9429
9440
9447
9473
9484
9491
9499
9500
9500
9505
9514
9517
9537
9537
9544
9555
9568
9581
9591
9594
9606
9606
9616
9621
9628
9632
9648
9676
9700
9712
9716
9737
9750
9752
9761
9764
9778
9779
9782
9792
9876
9892
9898
9942
9954
9966
